[0.14285714 0.14285714 0.14285714 0.14285714 0.14285714 0.14285714
 0.14285714]
[0.33333333 0.16666667 0.16666667 0.08333333 0.08333333 0.08333333
 0.08333333]
[0.5    0.125  0.125  0.0625 0.0625 0.0625 0.0625]
[0.25   0.25   0.25   0.0625 0.0625 0.0625 0.0625]
[0.25  0.125 0.125 0.125 0.125 0.125 0.125]
[0.66666667 0.08333333 0.08333333 0.04166667 0.04166667 0.04166667
 0.04166667]
[0.16666667 0.33333333 0.33333333 0.04166667 0.04166667 0.04166667
 0.04166667]
[0.16666667 0.08333333 0.08333333 0.16666667 0.16666667 0.16666667
 0.16666667]
