[array([30, 30, 30, 30, 30, 40, 40, 40, 40, 40, 50, 50, 50, 50, 50, 60, 60,
       60, 60, 60, 70, 70, 70, 70, 70]), array([350, 350, 350, 450, 450, 450, 550, 550, 550]), array([ 700,  800,  900, 1000]), array([2000])]
[array([25, 25, 25, 25, 25, 35, 35, 35, 35, 35, 45, 45, 45, 45, 45, 55, 55,
       55, 55, 55, 65, 65, 65, 65, 65]), array([350, 350, 350, 450, 450, 450, 550, 550, 550]), array([ 700,  800,  900, 1000]), array([2000])]
[array([27.5, 27.5, 27.5, 27.5, 27.5, 37.5, 37.5, 37.5, 37.5, 37.5, 47.5,
       47.5, 47.5, 47.5, 47.5, 57.5, 57.5, 57.5, 57.5, 57.5, 67.5, 67.5,
       67.5, 67.5, 67.5]), array([350, 350, 350, 450, 450, 450, 550, 550, 550]), array([ 700,  800,  900, 1000]), array([2000])]
[array([32.5, 32.5, 32.5, 32.5, 32.5, 42.5, 42.5, 42.5, 42.5, 42.5, 52.5,
       52.5, 52.5, 52.5, 52.5, 62.5, 62.5, 62.5, 62.5, 62.5, 72.5, 72.5,
       72.5, 72.5, 72.5]), array([350, 350, 350, 450, 450, 450, 550, 550, 550]), array([ 700,  800,  900, 1000]), array([2000])]
[array([35, 35, 35, 35, 35, 45, 45, 45, 45, 45, 55, 55, 55, 55, 55, 65, 65,
       65, 65, 65, 75, 75, 75, 75, 75]), array([350, 350, 350, 450, 450, 450, 550, 550, 550]), array([ 700,  800,  900, 1000]), array([2000])]
[array([30, 30, 30, 30, 30, 40, 40, 40, 40, 40, 50, 50, 50, 50, 50, 60, 60,
       60, 60, 60, 70, 70, 70, 70, 70]), array([300, 300, 300, 400, 400, 400, 500, 500, 500]), array([ 700,  800,  900, 1000]), array([2000])]
[array([30, 30, 30, 30, 30, 40, 40, 40, 40, 40, 50, 50, 50, 50, 50, 60, 60,
       60, 60, 60, 70, 70, 70, 70, 70]), array([325, 325, 325, 425, 425, 425, 525, 525, 525]), array([ 700,  800,  900, 1000]), array([2000])]
[array([30, 30, 30, 30, 30, 40, 40, 40, 40, 40, 50, 50, 50, 50, 50, 60, 60,
       60, 60, 60, 70, 70, 70, 70, 70]), array([375, 375, 375, 475, 475, 475, 575, 575, 575]), array([ 700,  800,  900, 1000]), array([2000])]
[array([30, 30, 30, 30, 30, 40, 40, 40, 40, 40, 50, 50, 50, 50, 50, 60, 60,
       60, 60, 60, 70, 70, 70, 70, 70]), array([400, 400, 400, 500, 500, 500, 600, 600, 600]), array([ 700,  800,  900, 1000]), array([2000])]
[array([30, 30, 30, 30, 30, 40, 40, 40, 40, 40, 50, 50, 50, 50, 50, 60, 60,
       60, 60, 60, 70, 70, 70, 70, 70]), array([350, 350, 350, 450, 450, 450, 550, 550, 550]), array([600, 700, 800, 900]), array([2000])]
[array([30, 30, 30, 30, 30, 40, 40, 40, 40, 40, 50, 50, 50, 50, 50, 60, 60,
       60, 60, 60, 70, 70, 70, 70, 70]), array([350, 350, 350, 450, 450, 450, 550, 550, 550]), array([650, 750, 850, 950]), array([2000])]
[array([30, 30, 30, 30, 30, 40, 40, 40, 40, 40, 50, 50, 50, 50, 50, 60, 60,
       60, 60, 60, 70, 70, 70, 70, 70]), array([350, 350, 350, 450, 450, 450, 550, 550, 550]), array([ 750,  850,  950, 1050]), array([2000])]
[array([30, 30, 30, 30, 30, 40, 40, 40, 40, 40, 50, 50, 50, 50, 50, 60, 60,
       60, 60, 60, 70, 70, 70, 70, 70]), array([350, 350, 350, 450, 450, 450, 550, 550, 550]), array([ 800,  800, 1000, 1100]), array([2000])]
[array([30, 30, 30, 30, 30, 40, 40, 40, 40, 40, 50, 50, 50, 50, 50, 60, 60,
       60, 60, 60, 70, 70, 70, 70, 70]), array([350, 350, 350, 450, 450, 450, 550, 550, 550]), array([ 700,  800,  900, 1000]), array([3000])]
